Name              | RAdeg     | DEdeg     | (m-M)0|   Dkpc |     Vh |  emVh |  epVh |
Tucana IV         |   0.73    | -60.85    | 18.41 |   47.9 |   15.9 |  -1.7 |  +1.8 |
SMC               |  13.1583  | -72.8002  | 18.99 |   62.8 |  158.0 |  -4.0 |  +4.0 |
Sculptor          |  15.03885 | -33.7090  | 19.67 |   85.9 |  111.4 |  -0.1 |  +0.1 | Vh (2009AJ....137.3109W)
Cetus II          |  19.47    | -17.42    | 17.1  |   26.3 |  Nan   |  Nan  |  Nan  |
Phoenix           |  27.7762  | -44.4447  | 23.06 |  409.3 |  -21.2 |  -1.0 |  +1.0 | Vh (2017MNRAS.466.2006K)
Cetus III         |  31.3308  |  -4.270   | 22.0  |  251.2 |  Nan   | Nan   | Nan   |
Triangulum II     |  33.3225  |  36.17844 | 17.4  |   30.2 | -381.7 |  -1.1 |  +1.1 |
Segue 2           |  34.816667|  20.17528 | 17.7  |   34.7 |  -39.2 |  -2.5 |  +2.5 |
Eridanus III      |  35.6896  | -52.2836  | 19.7  |   87.1 |  Nan   |  Nan  | Nan   |
DES J0225+0304    |  36.4267  |   3.0695  | 16.88 |   23.8 |  Nan   |  Nan  | Nan   |
Hydrus I          |  37.3892  | -79.3089  | 17.2  |   27.5 |   80.4 |  -0.6 |  +0.6 |
Fornax            |  39.9972  | -34.4492  | 20.84 |  147.2 |   55.2 |  -0.1 |  +0.1 | Vh (2009AJ....137.3109W)
Horologium I      |  43.8820  | -54.1188  | 19.5  |   79.4 |  112.8 |  -2.6 |  +2.5 |
Horologium II     |  49.13375 | -50.01806 | 19.46 |   78.0 |  168.7 | -12.6 | +12.9 |
Reticulum II      |  53.9256  | -54.0492  | 17.4  |   30.2 |   64.7 |  -0.8 |  +1.3 |
Eridanus II       |  56.0878  | -43.5332  | 22.9  |  380.2 |   75.6 |  -3.3 |  +3.3 |
Reticulum III     |  56.36    | -60.45    | 19.81 |   91.6 |  274.2 |  -7.4 |  +7.5 |
Pictor I          |  70.9475  | -50.283   | 20.3  |  114.8 |  Nan   | Nan   | Nan   |
LMC               |  80.89425 | -69.7561  | 18.5  |   50.1 |  278.0 |  -2.0 |  +2.0 |
Columba I         |  82.85696 | -28.0425  | 21.3  |  182.0 |  153.7 |  -4.8 |  +5.0 |
Carina            | 100.40295 | -50.9664  | 20.11 |  105.2 |  222.9 |  -0.1 |  +0.1 |
Pictor II         | 101.18    | -59.897   | 18.3  |   45.7 |  Nan   |  Nan  | Nan   |
Carina II         | 114.1067  | -57.9992  | 17.79 |   36.1 |  477.2 |  -1.2 |  +1.2 |
Carina III        | 114.6298  | -57.8997  | 17.22 |   27.8 |  284.6 |  -3.1 |  +3.4 |
Ursa Major II     | 132.8741  |  63.1342  | 17.5  |   31.6 | -116.5 |  -1.9 |  +1.9 |
Leo T             | 143.7225  |  17.0514  | 23.1  |  416.9 |   38.1 |  -2.0 |  +2.0 |
Antlia II         | 143.8868  | -36.7673  | 20.6  |  131.8 |  290.7 |  -0.5 |  +0.5 |
Leo A             | 149.86    |  30.74639 | 24.35 |  741.3 |   23.9 |  -0.1 |  +0.1 |
Segue 1           | 151.7650  |  16.0778  | 16.8  |   22.9 |  208.5 |  -0.9 |  +0.9 |
Leo I             | 152.1171  |  12.3064  | 22.02 |  253.5 |  282.5 |  -0.1 |  +0.1 |
Sextans dSph      | 153.26235 |  -1.61454 | 19.67 |   85.9 |  224.2 |  -0.1 |  +0.1 |
Ursa Major I      | 158.70333 |  51.9350  | 19.93 |   96.8 |  -55.3 |  -1.4 |  +1.4 |
Willman 1         | 162.3421  |  51.0519  | 17.9  |   38.0 |  -12.3 |  -2.5 |  +2.5 |
Leo II            | 168.372431|  22.15396 | 21.84 |  233.3 |   78.0 |  -0.1 |  +0.1 |
Leo V             | 172.79    |   2.22    | 21.46 |  195.9 |  173.3 |  -3.1 |  +3.1 |
Leo IV            | 173.2367  |  -0.5300  | 20.94 |  154.2 |  132.3 |  -1.4 |  +1.4 |
Crater            | 174.0667  | -10.8776  | 20.8  |  144.5 |  149.3 |  -1.2 |  +1.2 | Laevens 1
Crater II         | 177.31    | -18.413   | 20.35 |  117.5 |   87.5 |  -0.4 |  +0.4 |
Virgo I           | 180.04    |  -0.68    | 19.8  |   91.2 | Nan    | Nan   | Nan   |
Hydra II          | 185.42542 | -31.98528 | 20.64 |  134.3 |  303.1 |  -1.4 |  +1.4 |
Coma Berenices    | 186.7434  |  23.9117  | 18.13 |   42.3 |   98.1 |  -0.9 |  +0.9 | Coma I
Centaurus I       | 189.585   | -40.902   | 20.33 |  116.4 |  116.3 |  -0.6 |  +1.6 |
Canes Venatici II | 194.2896  |  34.3228  | 21.02 |  160.0 | -128.9 |  -1.2 |  +1.2 |
Canes Venatici I  | 202.0123  |  33.5558  | 21.69 |  217.8 |   30.9 |  -0.6 |  +0.6 |
Bootes III        | 209.3     |  26.8     | 18.35 |   46.8 |  197.5 |  -3.8 |  +3.8 |
Bootes II         | 209.53333 |  12.84833 | 18.1  |   41.7 | -117.0 |  -5.2 |  +5.2 |
Bootes I          | 210.0209  |  14.5041  | 19.11 |   66.4 |   99.0 |  -2.1 |  +2.1 |
Ursa Minor        | 227.2854  |  67.2225  | 19.4  |   75.9 | -246.9 |  -0.1 |  +0.1 |
Bootes IV         | 233.6892  |  43.7261  | 21.6  |  208.9 | Nan    |  Nan  |  Nan  |
Draco II          | 238.1983  |  64.5653  | 16.67 |   21.6 | -342.5 |  -1.2 |  +1.1 |
DELVE 1           | 247.725   |  -0.972   | 16.39 |   19.0 | Nan    |  Nan  |  Nan  |
Hercules          | 247.7650  |  12.79    | 20.84 |  147.2 |   45.2 |  -1.1 |  +1.1 |
Draco             | 260.0557  |  57.9271  | 19.4  |   75.9 | -291.0 |  -0.1 |  +0.1 |
Sagittarius dSph  | 283.83125 | -30.54528 | 17.1  |   26.3 |  140.0 |  -2.0 |  +2.0 |
Sagittarius dIr   | 292.4959  | -17.6790  | 25.17 | 1081.4 |  -79.0 |  -1.0 |  +1.0 |
NGC 6822          | 296.2375  | -14.8004  | 23.58 |  520.0 |  -54.5 |  -1.7 |  +1.7 |
Sagittarius II    | 298.17295 | -22.06512 | 19.32 |   73.1 | -177.2 |  -0.6 |  +0.5 | Vh (2021MNRAS.503.2754L)
Indus II          | 309.72    | -46.16    | 21.65 |  213.8 | Nan    |  Nan  |  Nan  |
DDO 210           | 311.7158  | -12.8481  | 24.95 |  977.2 | -139.5 |  -1.7 |  +1.7 |
Kim 2             | 317.20821 | -51.1635  | 20.0  |  100.0 |  Nan   |  Nan  |  Nan  | Indus I
Grus II           | 331.01999 | -46.44    | 18.62 |   53.0 | -110.0 |  -0.5 |  +0.5 |
Pegasus III       | 336.09417 |   5.42    | 21.56 |  205.1 | -222.9 |  -2.6 |  +2.6 |
Aquarius II       | 338.4813  |  -9.3274  | 20.16 |  107.6 |  -71.1 |  -2.5 |  +2.5 |
Tucana            | 340.458   | -64.42061 | 24.82 |  920.4 |  194.0 |  -4.3 |  +4.3 |
Tucana II         | 342.9796  | -58.5689  | 18.8  |   57.5 | -129.1 |  -3.5 |  +3.5 |
Grus I            | 344.1765  | -50.1633  | 20.4  |  120.2 | -140.5 |  -1.6 |  +2.4 |
Pisces II         | 344.62917 |   5.9525  | 21.31 |  182.8 | -226.5 |  -2.7 |  +2.7 |
Tucana V          | 354.35    | -63.27    | 18.71 |   55.2 |  -36.3 |  -2.2 |  +2.5 |
Phoenix II        | 354.9975  | -54.406   | 19.6  |   83.2 |   32.4 |  -3.8 |  +3.7 | Vh (2019A&A...623A.129F)
Tucana III        | 359.15    | -59.6     | 17.01 |   25.2 | -102.3 |  -2.4 |  +2.4 |
